epoch,accuracy,loss,mean_io_u,val_accuracy,val_loss,val_mean_io_u
0,0.83229023,0.6123819222052892,0.23449343,0.95150983,0.5340147380034129,0.24981779
1,0.9008904,0.5726240434249242,0.23246351,0.6326472,0.6886588418483734,0.17596395
2,0.9279985,0.5544838180144628,0.23700428,0.81234527,0.5984336815277735,0.2111681
3,0.9448342,0.5423849864800772,0.24054646,0.83321816,0.5883300218979518,0.21292579
4,0.95350516,0.5351918476819992,0.24272315,0.9673282,0.5199436752001444,0.24509075
5,0.9636422,0.5283103632926941,0.24436046,0.66459054,0.6711596538623174,0.17398216
6,0.9590077,0.5277346009016037,0.2437689,0.96366376,0.5221462398767471,0.24428736
7,0.9719761,0.5216332668066025,0.24640499,0.9764992,0.5151532689730326,0.24741554
8,0.97345316,0.519814760684967,0.24711114,0.9778125,0.5144377577304841,0.24788556
9,0.9741505,0.5182535610596339,0.24713117,0.9813791,0.5126880657672882,0.2491541
10,0.97656435,0.5170954126119613,0.24809,0.9797386,0.5134106675783793,0.24815205
11,0.9769617,0.5161765054861704,0.24834415,0.98310006,0.5118490632375081,0.24935992
12,0.9806625,0.5141931674877802,0.2490815,0.98564106,0.5105870163440704,0.24996279
13,0.9815187,0.5135053590933482,0.24957009,0.9822543,0.5124225906531016,0.250126
14,0.98103625,0.513656518260638,0.24992536,0.98631996,0.510119083126386,0.25023335
15,0.9778534,0.5152283533414205,0.2495129,0.98461384,0.5118740743398666,0.25020504
16,0.9842339,0.5117904581626256,0.25043425,0.9870388,0.5103472896416982,0.2502992
17,0.98567635,0.510917203426361,0.25045082,0.987287,0.5101735615730285,0.25033444
18,0.9862787,0.510476907491684,0.25032738,0.9874467,0.5099741347630818,0.25040057
19,0.9862806,0.5103738631804784,0.2504568,0.986709,0.5106690108776093,0.25098014
20,0.9864276,0.510253715912501,0.2508408,0.9879782,0.5095134238402049,0.2504514
21,0.9857255,0.5105442027250926,0.250627,0.9879181,0.5094161270062129,0.2505472
22,0.98823994,0.5092373355229696,0.25053015,0.98789644,0.5093829568227132,0.25047344
23,0.9868521,0.5098970538377762,0.2504845,0.9879027,0.5093762900431951,0.25057608
24,0.987699,0.5094498002529144,0.25054735,0.98798215,0.5093100221951803,0.2504744
25,0.98675174,0.5099071556329727,0.25041643,0.98792744,0.5093097098668417,0.25037313
26,0.98753023,0.5095007799069087,0.25036106,0.9879414,0.5092874405781428,0.2502951
